1000
20118 16450 16971 313 22209 15071 19795 21184 24715 8103 8396 14884 20278 1633 28848 27009 25152 28449 16659 1969 19432 3774 20669 102 4333 16263 5913 6773 5529 27186 22862 18549 31742 31509 6827 26505 14208 14233 27720 24698 31123 2027 24554 24329 23494 2292 8744 4995 27393 31372 32716 12949 30730 24042 23164 10082 20814 22623 20634 11219 18911 11845 7272 15150 12729 27186 28272 4843 9033 1137 18211 13763 18992 7858 5056 9481 1860 10240 4727 17469 5591 31988 16847 6879 5693 22568 24389 26753 8584 9967 14645 16160 19094 5699 22526 6068 12366 27647 16994 5382 1318 79 24875 26818 12264 27492 17940 3789 27063 15212 23014 21208 32077 18113 13794 21558 2950 28256 11359 31722 31010 25758 17588 6405 27078 19478 11864 5935 27717 17126 28488 899 15390 11803 20905 21408 15430 22889 21679 8956 3879 16160 9405 23164 28648 3163 24270 30274 12527 13690 8979 24007 932 11987 15069 553 28024 7589 21950 14022 3623 5453 8683 30729 6969 13501 17381 5252 13519 14377 29017 27711 30620 21251 13124 14928 28722 26154 4954 7340 21375 26207 14505 20029 8343 1784 14202 18229 4020 31960 6264 14241 29306 28062 23316 4161 27008 24349 30503 3479 4877 15117 8665 31038 5919 15103 22979 5501 13490 20631 32336 26396 13374 24053 30313 20854 25474 21108 10833 14544 32384 32663 21709 7913 10697 14912 28553 28114 25082 7203 16055 25856 1159 31099 16377 23712 21943 24315 129 21290 10224 11272 7798 31033 2101 7461 31130 12186 5101 23215 22315 11171 23526 24522 32007 13766 30873 19867 2067 13926 13232 32440 476 1256 27333 28380 31103 11534 3949 19168 9159 7808 26741 15590 18070 31404 30827 18648 29574 29904 11616 19729 21967 30805 15853 31577 5996 2399 22388 24087 8569 5026 424 15810 15328 7031 23376 31385 20532 1327 5192 11924 21469 26279 18632 11162 7542 5916 8680 10740 10611 28993 24420 15106 4615 31631 11933 21548 15941 27357 29409 1564 3205 13104 25324 13354 31753 6868 8111 24600 6624 940 10320 24064 13579 24262 20337 1162 7647 32306 5557 11618 29866 14613 3456 6634 19353 5625 11263 4140 8153 28519 11113 17426 28157 18104 25220 24793 26016 14632 13674 18115 75 19244 909 20748 32665 32262 14073 14368 5784 25494 22745 25611 17011 9331 20285 17201 5710 11322 10266 31039 32370 28710 5522 31329 16042 993 32630 26294 12268 28826 19978 14849 316 600 21000 9121 32718 32654 28135 6851 10859 32495 25692 726 5141 20355 28706 29759 23022 9979 2295 32078 12374 2626 31207 28529 19284 9300 11468 3240 9783 32595 20246 10553 28285 21464 13256 5541 5619 25223 5827 25818 20510 3046 9543 25258 32474 6767 28599 20092 21057 29411 10396 11842 8142 7906 21741 19883 13506 26041 20878 15769 10183 26491 21014 26581 28116 28243 15573 2818 13904 27160 2070 13007 21114 18978 31905 113 11272 10588 388 22353 3854 155 21779 16897 19234 21294 22318 9077 28606 2487 18626 2160 10214 28473 9362 11580 30986 1137 30008 2974 26925 7530 19558 1289 20551 32076 16242 32018 22760 25716 3346 30756 29727 17610 20580 4725 17562 4175 25905 25400 17678 22006 24946 8213 11738 8373 18451 5334 24039 19675 22776 17251 19154 18340 8766 16368 15437 27915 14019 7541 22210 30687 11752 32350 14650 14361 20629 7556 12926 877 6014 25437 20859 5151 24229 23407 21739 18968 29216 7691 15922 569 22557 567 2950 30703 31779 11244 23891 25864 8091 19074 2782 21445 13198 7016 27176 22320 32688 1304 20245 7599 15006 24138 1485 4570 30564 13672 19555 32138 3138 11331 4021 25394 22192 15364 28563 371 159 30053 20003 13546 11010 4385 28291 11341 8589 25768 26289 8886 31676 3864 26792 5182 20248 29289 9932 8398 22198 19687 22408 4402 13312 1766 7222 12911 11447 2225 20287 31575 2617 11459 32131 12378 32256 8762 3835 31135 12140 21384 25244 8020 22210 9580 24959 24642 2420 8737 19776 5796 7075 25813 19876 7993 15074 22876 382 13976 9789 9254 5843 16580 10106 18030 11836 12032 12702 21173 3468 30692 18611 17775 26035 21937 5833 22012 12258 16098 21051 21465 26096 19715 22835 25624 6653 1478 9840 13069 12629 14932 839 28235 18070 28897 6888 6863 30486 3203 21219 7034 8063 10052 3307 31685 19388 21110 13785 21168 24089 12614 17908 20987 12709 8596 5743 21913 15323 26370 12339 1890 29058 3147 30687 27400 29394 28375 23309 26188 17112 10380 25304 6513 3612 19430 20379 7153 17536 9802 8698 29040 2667 31895 13607 19182 17703 30207 20062 26688 18056 10517 17842 11713 23503 32550 11276 16965 17357 25037 4721 18766 20556 26306 22147 3459 13994 28147 6219 12125 21447 26070 15669 11300 26402 10749 9308 20762 2366 12267 28680 28406 24907 30246 2165 24979 24066 27021 15319 16362 30161 13548 8090 18494 12856 11982 5870 23702 2675 22930 8835 9072 20825 10689 23953 8372 14980 1695 19484 23271 15026 14592 24182 24737 18283 15453 19973 16961 14820 9767 14150 21471 22820 5979 5394 19330 20325 27735 289 3987 3773 7916 24012 18834 26877 3764 19735 4360 24282 9126 6382 17085 27210 32487 28847 22570 18481 11747 8169 21297 1341 5021 8804 4620 21006 31811 14689 8068 25243 3846 26146 21347 23761 4649 28077 22315 6781 13655 18894 25352 17003 22073 11099 18180 31951 29512 29115 5242 18149 16608 15273 31693 10709 5270 30006 12889 22745 6860 1805 29866 31393 2691 2811 30956 8695 19312 10671 26019 14751 16977 1470 8349 26497 14209 22506 2596 11018 3018 8355 30840 15055 12155 4814 1916 25971 4027 7110 4271 31179 28189 11424 24414 31297 22133 10420 29976 8054 9961 7512 29283 28204 24139 9967 30637 25698 9382 10019 4741 448 16918 12398 2827 12086 30685 19167 9637 18913 28596 30235 11508 21806 13663 3234 22535 6209 28292 27731 24782 10904 17597 2099 24273 13291 13804 18282 14881 25431 16079 21902 19087 25020 5076 18468 30493 17252 23598 15716 27058 15589 9000 22589 11026 8008 29625 15769 15116 24426 21081 30434 30966 11427 2324 24005 28758 23206 31197 30006 24034 8872 27428 21428 171 32709 683 718 2965 10911 25237 
1000
210 694 237
360 613 149
290 756 240
647 908 126
799 912 36
189 816 475
261 571 140
853 959 12
431 948 380
187 531 14
312 818 130
493 513 10
213 442 167
811 912 91
85 423 308
75 831 618
142 963 311
501 922 213
254 333 78
301 932 205
379 510 79
510 966 429
322 633 300
578 637 16
110 132 18
10 139 9
680 887 110
504 814 290
428 938 464
635 648 1
33 939 688
627 760 89
300 444 71
20 836 57
774 992 78
222 463 212
295 449 65
16 482 409
460 644 159
549 650 42
530 579 7
301 622 4
194 334 108
72 632 533
686 912 17
365 734 113
668 911 138
371 918 256
819 974 17
677 906 107
310 893 251
619 631 11
86 799 474
26 62 35
3 645 341
520 652 83
419 714 106
741 941 174
410 997 522
226 856 511
793 898 66
207 958 21
389 973 56
180 867 680
554 737 65
234 400 93
1 921 413
313 779 23
407 677 130
70 115 29
863 974 94
266 463 71
53 896 667
191 382 37
64 885 7
263 571 127
143 944 130
313 624 273
27 384 9
46 414 341
343 363 12
261 284 16
177 373 167
182 292 65
5 226 111
245 577 138
181 581 93
486 818 72
217 412 113
633 714 34
92 658 393
36 963 185
341 645 293
151 236 21
248 426 132
817 827 7
122 302 53
473 940 348
58 143 28
234 405 107
140 938 218
230 948 115
277 498 94
590 844 215
268 775 426
270 684 76
220 918 493
705 756 40
602 941 6
253 544 142
402 596 111
243 831 291
275 828 204
392 841 170
167 879 43
536 782 164
930 954 3
211 859 462
14 138 60
152 194 8
416 461 31
10 552 139
156 216 20
120 565 183
428 933 11
83 869 309
498 744 154
58 251 24
383 785 116
263 449 176
18 35 16
587 941 43
254 278 20
377 468 22
367 520 153
264 418 154
287 553 104
504 875 81
281 549 162
266 487 209
109 964 673
773 954 39
338 983 277
34 623 331
86 455 305
639 659 15
306 326 10
233 997 185
32 918 330
96 312 11
380 824 135
251 512 7
307 928 490
811 879 37
84 421 136
198 589 141
215 625 277
223 892 550
46 423 337
809 856 33
475 983 357
629 677 24
63 851 633
138 850 640
338 739 214
318 956 239
311 893 344
678 731 32
257 746 275
378 663 16
249 808 201
144 766 158
874 976 4
215 976 296
85 809 232
280 493 168
1 29 20
114 224 63
208 573 101
454 542 84
195 248 50
380 752 65
356 706 256
55 909 43
383 753 261
782 809 22
147 300 95
189 941 136
186 638 78
381 774 322
45 699 543
77 434 77
235 371 40
331 986 174
35 256 56
394 501 69
9 339 4
178 254 71
85 898 729
207 448 137
384 956 199
464 921 98
488 659 143
38 197 85
84 879 770
566 574 6
459 529 35
625 994 202
30 692 640
434 937 233
394 868 387
52 985 472
361 397 31
195 526 162
402 460 6
24 595 376
568 890 127
387 613 59
610 641 15
61 901 385
143 481 333
456 706 191
287 934 68
520 624 71
627 674 12
270 689 14
670 938 250
168 981 797
476 482 6
153 696 22
70 168 83
17 474 42
105 627 469
295 983 304
427 691 86
613 756 44
37 913 627
546 933 87
968 972 1
137 290 133
98 278 162
55 844 157
200 563 214
557 721 89
505 620 8
48 561 252
830 972 24
272 697 72
268 422 127
106 339 116
118 849 180
335 676 304
535 625 8
115 203 46
823 989 93
43 922 61
369 541 73
339 454 59
46 914 173
211 782 439
560 805 14
788 838 5
632 955 268
72 791 459
175 866 405
101 970 525
536 743 38
176 577 302
179 702 292
363 934 68
33 436 221
804 963 70
95 801 219
33 346 103
588 983 20
443 598 96
233 527 110
98 384 248
108 432 32
41 85 4
27 440 19
649 916 102
16 690 325
74 427 334
674 823 64
80 304 61
717 774 6
274 738 308
646 995 297
920 947 24
141 382 124
195 574 33
309 860 390
600 831 78
371 427 37
650 863 89
551 655 75
568 731 40
265 975 114
440 953 499
216 364 118
79 785 410
364 604 2
270 271 1
402 696 39
269 951 209
439 527 25
289 866 163
107 308 161
238 903 364
522 737 162
99 670 540
373 955 295
112 450 159
80 957 474
54 706 328
80 298 55
283 398 9
66 626 282
513 773 163
34 349 308
265 685 279
408 507 75
903 951 10
125 524 259
114 459 278
544 926 325
217 841 488
472 601 29
546 906 33
228 372 114
124 583 235
106 837 291
104 604 326
129 387 101
224 766 21
81 327 97
264 747 171
336 652 285
746 798 31
758 837 33
132 277 120
300 443 47
171 978 241
224 436 161
253 957 228
280 775 19
100 816 355
674 714 13
338 836 242
289 853 391
142 588 118
572 827 23
46 945 741
358 775 146
19 478 24
12 912 784
296 788 22
222 973 251
444 934 93
140 494 252
134 833 72
109 147 10
387 682 250
810 969 66
675 869 185
953 1000 43
243 912 267
2 694 275
374 692 129
242 964 565
726 821 39
516 824 301
232 833 84
70 859 445
449 861 58
422 641 87
1 613 120
96 824 681
387 581 50
174 384 18
62 724 544
332 462 58
128 194 50
404 694 257
10 886 523
290 720 252
562 950 20
431 598 78
449 733 17
192 670 40
605 852 43
289 969 400
407 601 111
426 597 23
253 778 14
592 911 179
614 882 152
713 934 84
102 308 138
121 784 595
98 784 384
334 614 154
190 501 81
248 888 137
620 909 73
272 545 108
334 608 51
395 812 75
103 888 474
192 824 296
738 979 76
137 319 20
645 743 31
397 570 57
533 768 8
62 969 137
655 867 92
323 585 50
649 868 194
695 979 20
573 997 61
198 383 176
549 602 33
335 889 473
115 569 249
796 825 10
192 987 145
299 680 227
276 674 191
19 476 122
387 617 231
89 340 164
500 942 118
186 347 69
694 753 14
39 578 497
110 605 264
323 611 56
149 616 38
787 891 45
507 768 191
65 423 59
239 525 228
407 532 28
132 975 286
404 731 95
158 693 304
161 197 23
323 888 58
679 961 177
555 674 15
401 474 18
364 540 8
776 987 15
105 475 190
486 935 169
213 543 282
266 889 344
436 996 297
305 607 256
172 535 156
551 833 231
37 644 36
500 768 208
400 513 70
641 935 18
151 169 17
219 341 107
311 945 228
262 306 15
371 697 188
851 889 12
552 874 40
394 614 151
328 555 46
534 864 211
375 578 12
782 816 32
53 829 329
69 387 269
368 589 141
700 852 146
536 939 49
111 985 568
141 578 85
82 492 135
169 566 308
217 735 262
179 597 374
924 940 11
836 977 43
316 834 109
341 712 4
272 995 4
417 944 137
94 702 178
655 994 240
714 742 19
142 705 113
57 520 456
807 927 8
335 896 159
798 978 50
220 508 53
678 840 46
139 867 639
44 767 26
29 108 26
310 878 451
439 449 5
739 979 66
8 228 200
19 988 647
668 919 145
708 866 65
99 848 213
457 887 6
16 158 74
692 950 156
772 917 117
570 605 32
59 82 5
770 842 66
539 983 386
66 628 8
153 629 117
245 982 658
189 651 277
305 951 446
518 789 14
348 390 3
740 995 152
54 561 339
410 859 137
116 968 839
141 517 219
267 842 575
304 909 85
10 682 415
407 430 17
555 938 333
60 766 166
140 800 79
203 391 124
623 632 7
337 737 3
131 890 281
423 754 62
500 792 260
341 910 198
115 848 722
544 712 162
78 796 22
229 747 220
198 557 329
643 686 13
425 627 14
159 477 265
50 983 68
91 970 750
96 359 98
275 750 32
534 668 86
260 445 113
787 902 92
597 649 3
366 689 57
728 731 4
739 742 3
131 447 231
333 368 12
182 443 106
313 955 429
236 763 42
386 619 25
61 742 20
99 989 752
579 897 307
96 714 274
644 736 83
18 471 99
854 937 47
749 878 42
288 598 285
240 274 35
733 855 30
70 670 368
208 479 48
5 500 337
186 641 228
75 327 101
472 798 143
1 524 510
179 623 17
501 586 3
556 749 69
14 79 45
294 968 80
585 967 152
263 635 274
268 828 251
438 913 78
231 889 648
250 987 126
649 985 230
727 789 21
340 597 67
119 319 168
246 362 35
370 575 13
491 848 222
67 528 298
703 881 173
121 646 9
254 716 89
438 980 219
101 281 179
600 886 51
220 641 171
146 572 161
45 565 253
481 561 8
217 540 99
83 868 291
56 341 195
130 158 19
160 577 416
418 842 138
104 346 95
466 937 123
84 925 825
159 265 105
28 343 285
172 599 261
721 842 104
295 491 42
545 579 9
490 992 218
138 190 50
327 733 264
128 442 204
451 478 16
742 995 81
236 466 195
834 878 23
440 708 259
477 811 180
150 455 228
654 831 79
600 808 169
80 671 505
607 685 1
375 579 106
441 595 150
898 961 32
652 785 27
218 729 456
317 410 55
708 963 191
693 983 210
174 700 158
56 997 216
56 441 197
264 828 378
447 996 163
663 944 158
717 731 13
152 607 123
779 986 195
424 571 91
349 989 405
518 853 168
69 909 317
159 710 159
563 746 160
311 487 175
691 968 30
507 692 19
21 336 296
322 788 359
235 389 116
4 614 38
71 610 461
212 840 414
337 894 136
383 473 45
295 509 38
293 439 86
593 881 230
337 954 160
784 890 95
582 682 92
479 645 147
485 640 45
401 949 340
76 561 297
35 827 263
490 664 166
172 889 597
11 314 126
149 614 444
358 391 26
348 882 96
3 147 117
379 648 269
271 998 312
397 991 265
228 823 511
325 370 9
704 776 70
115 494 180
694 743 16
637 769 131
588 854 16
53 832 53
275 649 256
534 861 155
39 660 200
517 739 130
5 448 310
227 373 84
368 610 16
666 969 39
84 100 17
67 916 206
811 943 76
73 403 109
440 967 297
115 321 37
367 566 37
318 637 78
888 907 2
31 249 135
126 465 74
358 711 149
235 615 310
888 970 76
297 790 57
130 215 68
305 698 192
281 997 100
222 248 22
229 494 215
444 863 147
340 894 231
97 337 49
97 904 561
358 478 110
835 977 125
565 876 208
107 340 204
142 987 556
738 788 11
143 406 121
261 979 583
820 920 62
107 474 331
638 967 61
584 600 9
775 878 73
438 954 283
233 293 18
85 701 375
239 619 18
269 389 25
608 899 124
273 518 34
131 943 306
838 965 34
428 921 44
286 973 109
50 134 31
390 960 380
477 772 83
777 796 16
124 620 279
500 956 101
360 778 80
800 975 154
840 861 22
925 950 16
291 814 274
210 270 44
630 801 144
488 684 175
100 887 292
222 829 583
187 588 349
564 808 118
353 516 125
343 708 40
503 508 1
746 924 109
646 866 10
157 157 1
82 726 110
56 747 409
22 379 205
10 354 242
303 493 35
335 340 5
80 759 527
74 327 118
620 805 37
117 155 30
61 596 510
357 848 291
501 717 45
18 825 246
615 777 95
502 943 400
555 715 32
420 668 52
343 434 6
81 644 103
96 312 77
679 803 99
108 232 7
424 466 24
195 217 1
154 236 78
364 902 204
126 863 315
694 792 66
96 305 200
386 838 240
12 854 622
169 454 268
743 913 110
337 672 118
90 539 362
10 662 111
450 793 136
146 417 106
28 889 845
647 824 42
55 302 184
79 912 327
248 684 428
95 251 88
179 238 12
238 329 16
121 771 304
155 821 568
251 729 458
335 435 66
780 873 7
418 601 67
882 934 51
46 370 49
304 454 4
248 837 307
838 922 9
21 951 350
32 213 109
335 434 14
343 855 80
217 311 82
617 955 298
448 743 172
379 577 144
541 980 6
328 359 4
136 293 58
327 363 1
227 601 284
348 474 42
854 891 1
130 273 108
624 754 24
478 924 390
15 340 307
103 212 27
110 911 602
371 425 27
82 775 405
211 282 70
759 934 44
544 830 83
285 779 106
557 625 24
35 445 63
143 471 39
176 428 126
456 733 121
194 339 21
485 920 140
220 701 171
160 401 99
12 803 522
426 773 277
683 788 94
244 914 642
703 724 22
141 376 127
204 810 160
309 613 25
734 962 227
377 786 298
762 981 21
908 951 35
431 741 55
193 942 541
649 958 46
50 951 154
320 321 2
638 767 118
272 595 144
755 768 4
329 353 14
475 720 25
580 980 79
51 864 182
466 929 243
372 992 495
25 197 68
548 856 214
86 556 301
734 886 93
32 584 257
283 492 33
116 353 78
234 776 406
262 610 267
242 428 168
175 567 141
312 885 172
768 905 72
603 727 84
727 799 59
212 345 13
23 620 572
255 708 307
340 909 385
660 791 31
731 889 86
391 892 502
54 256 48
154 453 168
12 554 162
20 436 355
690 942 5
299 369 44
516 846 61
546 615 70
319 700 131
266 604 330
313 493 11
39 277 216
131 929 413
186 959 665
284 689 295
129 415 193
5 863 564
109 801 539
508 668 144
205 807 351
294 949 120
918 922 2
801 837 7
361 592 210
38 867 488
328 396 66
424 874 309
108 195 53
68 721 44
38 664 44
677 905 37
351 874 242
55 915 356
410 608 172
171 557 383
70 788 677
212 684 397
353 413 61
834 868 33
282 340 15
63 829 192
959 983 24
98 495 223
93 930 597
549 832 260
80 420 167
240 481 54
366 392 6
340 645 52
211 625 16
879 898 11
196 603 221
271 425 136
12 883 555
600 846 188
71 481 14
461 714 236
30 458 419
199 439 95
9 475 9
780 874 16
546 869 161
